camera_model: AR0233C_E04200570
intrinsics: [550.8457077616833, 0.0, 942.4216635178448,0.0, 555.4885880420302, 546.351753605, 0.0, 0.0, 1.0]
distortion_model: plumb_bob
distortion_coeffs: [0.13346413048734354,-0.028894560969948864,-0.009770445168699769,0.00718894153155769]
resolution: [1920, 1080]
