camera_model: AR0233C_E04200571
intrinsics: [529.6559487474467, 0.0, 979.995806820336,0.0, 533.5839284287342, 525.7810704314716, 0.0, 0.0, 1.0]
distortion_model: plumb_bob
distortion_coeffs: [0.11139903929503098,-0.0067494360176350195,-0.02012285858856515, 0.00581074413411165]
resolution: [1920, 1080]