camera_model: AR0233C_E04200569
intrinsics: [553.9125877011259, 0.0, 972.1078043034898,0.0, 560.0634209829311, 537.642541637152,0.0, 0.0, 1.0]
distortion_model: plumb_bob
distortion_coeffs: [0.14828488545138607,-0.057046782759414265,0.02010623461699835,-0.005800263963757148]
resolution: [1920, 1080]
