camera_model: AR0233C_E04200572
intrinsics: [527.3237353183355, 0.0, 986.1931564326022,0.0, 531.4301277144949, 539.266884319884,0.0, 0.0, 1.0]
distortion_model: plumb_bob
distortion_coeffs: [0.11186390607883222,-0.006871568933909372,-0.021545237271958905,0.006749491220478488]
resolution:  [1920, 1080]