camera_model: 0541
intrinsics: [445.4049139164438, 0.0, 585.6885602366447, 0.0, 449.92194164467395, 347.1592367280879, 0.0, 0.0, 1.0]
distortion_model: plumb_bob
distortion_coeffs: [0.31803019899089374, 0.06667972849378413, -0.07355327788109169 ,0.02141281238361307]
resolution: [1280, 720]


