camera_model: 0502
intrinsics: [1014.5481329788455, 0.0, 1013.7401934529573,0.0, 1017.5866708359357, 550.4594067686721,0.0, 0.0, 1.0]
distortion_model: fisheye
distortion_coeffs: [-0.04409658912665994,-0.1019536952813481,0.12921196511813263,0.05420220081062184]
resolution: [1920, 1080]


