camera_model: 0503
intrinsics: [1009.2430268789252, 0.0, 1001.6352484363232,0.0, 1010.3095242667699, 551.0954062751526,0.0, 0.0, 1.0]
distortion_model: fisheye
distortion_coeffs: [-0.03634393802324441,-0.09779797417183687,0.11389338626030156,-0.04494592362031283]
resolution: [1920, 1080]



