camera_model: 0503
intrinsics: [1017.2494663414748, 0.0, 970.6494499111562, 0.0, 1022.6671210083847, 558.8816310671101, 0.0, 0.0, 1.0]
distortion_model: plumb_bob
distortion_coeffs: [-0.061607682071067496, 0.008740893926352541, -0.051316593222708734, 0.0408106456992699]
resolution: [1920, 1080]