
camera_model: 0508
intrinsics: [1004.4964393721177, 0.0, 942.085876906792, 0.0, 1008.7084710004409, 558.0725059617353, 0.0, 0.0, 1.0]
distortion_model: plumb_bob
distortion_coeffs: [-0.06457026066693221, -0.008238219180416954, 0.028829529306834686, -0.03442042855400791]
resolution: [1920, 1080]