camera_model: 0508
intrinsics: [1028.3615270758019, 0.0, 941.5688029402554,0.0, 1027.6982193931908, 552.7440266183625, 0.,0.,1]
distortion_model: fisheye
distortion_coeffs: [-0.09586982588891979,0.047860954049974994,-0.057835129122318654,0.025539202243725207]
resolution: [1920, 1080]