camera_model: 0541
intrinsics: [446.9547047570466, 0.0, 624.3647716750405,0.0, 451.852515298663, 326.3008682617137,0.0, 0.0, 1.0]
distortion_model: plumb_bob
distortion_coeffs: [0.32958331593870727, 0.04618314662026198, -0.046238997562154605, 0.008963472466845047]
resolution: [1280, 720]

