camera_model: 0504
intrinsics: [446.7868265101466, 0.0, 479.2764711467435,0.0, 443.6513142478326, 271.9452355174533,0.0, 0.0, 1.0]
distortion_model: fisheye
distortion_coeffs: [0.1931411943891258,-0.8008218523638466,1.0425621385452855,-0.4896992897034194]
resolution: [960, 540]


