camera_model: 0504
intrinsics: [517.5514818214407, 0.0, 504.7510993537643,0.0, 364.61608213675663, 274.4940984177587,0.0, 0.0, 1.0]
distortion_model: fisheye
distortion_coeffs: [-0.07476977577024432,0.009215706602982461,-0.006286572675380702,-0.0024076188702555385]
resolution: [960, 540]
